ident
circle
250 250 200
line
250 50 0 250 450 0
line
50 250 0 450 250 0
bezier
250 250 150 317 350 383 250 450
bezier
250 250 350 317 150 383 250 450
bezier
250 250 150 183 350 117 250 50
bezier
250 250 350 183 150 117 250 50
bezier
250 250 317 150 383 350 450 250
bezier
250 250 317 350 383 150 450 250
bezier
250 250 183 150 117 350 50 250
bezier
250 250 183 350 117 150 50 250
circle
250 350 20
circle
350 250 20
circle
150 250 20
circle
250 150 20
translate
-250 -250 0
zrotate
.7853982
translate
250 250 0
apply
line
250 50 0 250 450 0
line
50 250 0 450 250 0
circle
250 450 20
circle
450 250 20
circle
250 50 20
circle
50 250 20
bezier
250 450 250 250 250 250 450 250
bezier
450 250 250 250 250 250 250 50
bezier
250 50 250 250 250 250 50 250
bezier
50 250 250 250 250 250 250 450
line
250 450 0 450 250 0
line
450 250 0 250 50 0
line
250 50 0 50 250 0
line
50 250 0 250 450 0
display
quit
